  9.99794185e-01   2.05839533e-04
   9.99051750e-01   9.48291970e-04
   9.93272245e-01   6.72783144e-03
   9.99713480e-01   2.86467606e-04
   9.99071002e-01   9.28944035e-04
   9.99490499e-01   5.09536185e-04
   9.96861219e-01   3.13878572e-03
   9.98721898e-01   1.27806328e-03
   9.99783576e-01   2.16432163e-04
   9.99782979e-01   2.16975153e-04
   9.99068797e-01   9.31287708e-04
   9.99779165e-01   2.20869217e-04
   9.82384861e-01   1.76151134e-02
   9.99790132e-01   2.09830047e-04
   9.99816716e-01   1.83316588e-04
   9.99781549e-01   2.18449408e-04
   9.99775827e-01   2.24191404e-04
   9.99777257e-01   2.22703442e-04
   9.99478042e-01   5.21958806e-04
   9.99684095e-01   3.15872341e-04
   9.99776661e-01   2.23367810e-04
   9.99643922e-01   3.56030039e-04
   9.99181092e-01   8.18920147e-04
   9.99868035e-01   1.31891225e-04
   8.08354130e-08   9.99999881e-01
   9.99600708e-01   3.99347482e-04
   2.35927221e-14   1.00000000e+00
   9.93313253e-01   6.68669399e-03
   9.99827206e-01   1.72867018e-04
   9.28983212e-01   7.10167512e-02
   9.99715865e-01   2.84080743e-04
   9.99004304e-01   9.95757873e-04
   9.92649615e-01   7.35041779e-03
   8.83089937e-03   9.91169095e-01
   2.65374372e-11   1.00000000e+00
   7.90509880e-09   1.00000000e+00
   9.97005522e-01   2.99453828e-03
   9.92093503e-01   7.90649932e-03
   9.99478877e-01   5.21151524e-04
   9.98783410e-01   1.21662440e-03
   9.99690413e-01   3.09608848e-04
   3.16344040e-09   1.00000000e+00
   9.98499632e-01   1.50040921e-03
   9.99753058e-01   2.46971846e-04
   9.99771655e-01   2.28343983e-04
   2.73270642e-12   1.00000000e+00
   9.99718606e-01   2.81319692e-04
   9.99666452e-01   3.33547359e-04
   9.99084711e-01   9.15306737e-04
   8.26439714e-24   1.00000000e+00
   9.99785483e-01   2.14532964e-04
   9.99439657e-01   5.60333603e-04
   9.99763548e-01   2.36504668e-04
   9.32584405e-01   6.74155653e-02
   9.98494744e-01   1.50522660e-03
   9.12028491e-01   8.79715011e-02
   9.31080520e-01   6.89195096e-02
   9.98952866e-01   1.04705128e-03
   6.98884960e-13   1.00000000e+00
   9.98844743e-01   1.15521613e-03
   9.99719560e-01   2.80410866e-04
   9.99519944e-01   4.80032904e-04
   9.99507427e-01   4.92558756e-04
   9.90175903e-01   9.82408877e-03
   9.99686599e-01   3.13475059e-04
   9.99780476e-01   2.19587528e-04
   1.91456768e-12   1.00000000e+00
   9.92989182e-01   7.01079285e-03
   9.99252021e-01   7.47896382e-04
   9.98986900e-01   1.01309700e-03
   1.43407074e-12   1.00000000e+00
   9.99734700e-01   2.65295792e-04
   9.99717772e-01   2.82225577e-04
   4.01323999e-15   1.00000000e+00
   9.99490738e-01   5.09245787e-04
   9.99742925e-01   2.57071399e-04
   9.99458253e-01   5.41730085e-04
   9.99672651e-01   3.27399146e-04
   9.93369579e-01   6.63034990e-03
   9.99657393e-01   3.42586602e-04
   9.96079862e-01   3.92010016e-03
   9.99622941e-01   3.77013464e-04
   9.98807073e-01   1.19293039e-03
   8.44300449e-01   1.55699521e-01
   9.98895526e-01   1.10439234e-03
   3.97675564e-07   9.99999642e-01
   9.99537945e-01   4.62044321e-04
   9.99011993e-01   9.87989595e-04
   9.99606311e-01   3.93738679e-04
   9.99461353e-01   5.38602064e-04
   9.99699116e-01   3.00949614e-04
   9.91901934e-01   8.09805375e-03
   1.29628948e-08   1.00000000e+00
   2.71069861e-10   1.00000000e+00
   9.93459940e-01   6.54008891e-03
   9.88837719e-01   1.11622410e-02
   9.99686837e-01   3.13158700e-04
   4.81473876e-07   9.99999523e-01
   9.89509344e-01   1.04906205e-02
   3.74728915e-09   1.00000000e+00
   9.53731120e-01   4.62688766e-02
   9.99506474e-01   4.93524014e-04
   9.99688268e-01   3.11781827e-04
   1.49491201e-11   1.00000000e+00
   9.94760811e-01   5.23923896e-03
   9.99812424e-01   1.87590354e-04
   9.89644647e-01   1.03554148e-02
   6.93839474e-12   1.00000000e+00
   9.65738595e-01   3.42613757e-02
   9.98713851e-01   1.28616940e-03
   9.97033596e-01   2.96639604e-03
   9.99811828e-01   1.88147096e-04
   9.99763191e-01   2.36857159e-04
   9.99369919e-01   6.30109862e-04
   9.97438788e-01   2.56115315e-03
   9.99037027e-01   9.62963677e-04
   1.33338243e-01   8.66661727e-01
   9.99793112e-01   2.06949844e-04
   9.99784291e-01   2.15702472e-04
   9.99669909e-01   3.30044102e-04
   4.93171903e-08   1.00000000e+00
   9.99427080e-01   5.72982244e-04
   9.99715626e-01   2.84331909e-04
   2.00065238e-16   1.00000000e+00
   9.99098539e-01   9.01468622e-04
   9.95501459e-01   4.49859397e-03
   2.76516318e-01   7.23483682e-01
   9.99692678e-01   3.07371869e-04
   9.99795377e-01   2.04659475e-04
   8.05372835e-09   1.00000000e+00
   9.96339440e-01   3.66059621e-03
   9.99713242e-01   2.86747440e-04
   9.99444664e-01   5.55353414e-04
   9.99330401e-01   6.69632806e-04
   9.98098552e-01   1.90141588e-03
   3.53919015e-13   1.00000000e+00
   9.98343587e-01   1.65643205e-03
   9.99741971e-01   2.58002721e-04
   9.98935640e-01   1.06437341e-03
   2.56409749e-06   9.99997377e-01
   9.25511420e-01   7.44885877e-02
