1	0	0.000205839533
2	0	0.00094829197
3	0	0.00672783144
4	0	0.000286467606
5	0	0.000928944035
6	0	0.000509536185
7	0	0.00313878572
8	0	0.00127806328
9	0	0.000216432163
10	0	0.000216975153
11	0	0.000931287708
12	0	0.000220869217
13	0	0.0176151134
14	0	0.000209830047
15	0	0.000183316588
16	0	0.000218449408
17	0	0.000224191404
18	0	0.000222703442
19	0	0.000521958806
20	0	0.000315872341
21	0	0.00022336781
22	0	0.000356030039
23	0	0.000818920147
24	0	0.000131891225
25	1	0.999999881
26	0	0.000399347482
27	1	1.0
28	0	0.00668669399
29	0	0.000172867018
30	0	0.0710167512
31	0	0.000284080743
32	0	0.000995757873
33	0	0.00735041779
34	0	0.991169095
35	1	1.0
36	1	1.0
37	0	0.00299453828
38	0	0.00790649932
39	0	0.000521151524
40	0	0.0012166244
41	0	0.000309608848
42	1	1.0
43	0	0.00150040921
44	0	0.000246971846
45	0	0.000228343983
46	1	1.0
47	0	0.000281319692
48	0	0.000333547359
49	0	0.000915306737
50	1	1.0
51	0	0.000214532964
52	0	0.000560333603
53	0	0.000236504668
54	0	0.0674155653
55	0	0.0015052266
56	0	0.0879715011
57	0	0.0689195096
58	0	0.00104705128
59	1	1.0
60	0	0.00115521613
61	0	0.000280410866
62	0	0.000480032904
63	0	0.000492558756
64	1	0.00982408877
65	0	0.000313475059
66	0	0.000219587528
67	1	1.0
68	0	0.00701079285
69	0	0.000747896382
70	0	0.001013097
71	1	1.0
72	0	0.000265295792
73	0	0.000282225577
74	1	1.0
75	0	0.000509245787
76	0	0.000257071399
77	0	0.000541730085
78	0	0.000327399146
79	0	0.0066303499
80	0	0.000342586602
81	0	0.00392010016
82	0	0.000377013464
83	0	0.00119293039
84	0	0.155699521
85	0	0.00110439234
86	1	0.999999642
87	0	0.000462044321
88	1	0.000987989595
89	0	0.000393738679
90	0	0.000538602064
91	0	0.000300949614
92	0	0.00809805375
93	1	1.0
94	1	1.0
95	0	0.00654008891
96	0	0.011162241
97	0	0.0003131587
98	1	0.999999523
99	0	0.0104906205
100	1	1.0
101	0	0.0462688766
102	0	0.000493524014
103	0	0.000311781827
104	1	1.0
105	0	0.00523923896
106	0	0.000187590354
107	0	0.0103554148
108	1	1.0
109	0	0.0342613757
110	0	0.0012861694
111	0	0.00296639604
112	0	0.000188147096
113	0	0.000236857159
114	0	0.000630109862
115	0	0.00256115315
116	0	0.000962963677
117	1	0.866661727
118	0	0.000206949844
119	0	0.000215702472
120	0	0.000330044102
121	1	1.0
122	0	0.000572982244
123	0	0.000284331909
124	1	1.0
125	0	0.000901468622
126	0	0.00449859397
127	0	0.723483682
128	0	0.000307371869
129	0	0.000204659475
130	1	1.0
131	0	0.00366059621
132	0	0.00028674744
133	0	0.000555353414
134	0	0.000669632806
135	0	0.00190141588
136	1	1.0
137	0	0.00165643205
138	0	0.000258002721
139	0	0.00106437341
140	1	0.999997377
141	0	0.0744885877
