1.000000	0.9504	0.7308	1.0
0.001013	0.6879	0.9615	0.6261
0.010355	0.8865	0.9231	0.8783
0.001047	0.695	0.9615	0.6348
0.010491	0.8936	0.9231	0.887
0.001064	0.7021	0.9615	0.6435
0.001104	0.7092	0.9615	0.6522
0.011162	0.9007	0.9231	0.8957
0.001155	0.7163	0.9615	0.6609
0.001193	0.7234	0.9615	0.6696
0.001217	0.7305	0.9615	0.6783
0.001278	0.7376	0.9615	0.687
0.001286	0.7447	0.9615	0.6957
0.000132	0.1844	1.0	0.0
0.001500	0.7518	0.9615	0.7043
0.001505	0.7589	0.9615	0.713
0.155700	0.9645	0.9231	0.9739
0.001656	0.766	0.9615	0.7217
0.000173	0.1915	1.0	0.0087
0.017615	0.9078	0.9231	0.9043
0.000183	0.1986	1.0	0.0174
0.000188	0.2057	1.0	0.0261
0.000188	0.2128	1.0	0.0348
0.001901	0.773	0.9615	0.7304
0.000205	0.2199	1.0	0.0435
0.000206	0.227	1.0	0.0522
0.000207	0.234	1.0	0.0609
0.000210	0.2411	1.0	0.0696
0.000215	0.2482	1.0	0.0783
0.000216	0.2553	1.0	0.087
0.000216	0.2624	1.0	0.0957
0.000217	0.2695	1.0	0.1043
0.000218	0.2766	1.0	0.113
0.000220	0.2837	1.0	0.1217
0.000221	0.2908	1.0	0.1304
0.000223	0.2979	1.0	0.1391
0.000223	0.305	1.0	0.1478
0.000224	0.3121	1.0	0.1565
0.000228	0.3191	1.0	0.1652
0.000237	0.3262	1.0	0.1739
0.000237	0.3333	1.0	0.1826
0.000247	0.3404	1.0	0.1913
0.002561	0.7801	0.9615	0.7391
0.000257	0.3475	1.0	0.2
0.000258	0.3546	1.0	0.2087
0.000265	0.3617	1.0	0.2174
0.000280	0.3688	1.0	0.2261
0.000281	0.3759	1.0	0.2348
0.000282	0.383	1.0	0.2435
0.000284	0.3901	1.0	0.2522
0.000284	0.3972	1.0	0.2609
0.000286	0.4043	1.0	0.2696
0.000287	0.4113	1.0	0.2783
0.002966	0.7872	0.9615	0.7478
0.002995	0.7943	0.9615	0.7565
0.000301	0.4184	1.0	0.287
0.000307	0.4255	1.0	0.2957
0.000310	0.4326	1.0	0.3043
0.000312	0.4397	1.0	0.313
0.000313	0.4468	1.0	0.3217
0.000313	0.4539	1.0	0.3304
0.003139	0.8014	0.9615	0.7652
0.000316	0.461	1.0	0.3391
0.000327	0.4681	1.0	0.3478
0.000330	0.4752	1.0	0.3565
0.000334	0.4823	1.0	0.3652
0.000343	0.4894	1.0	0.3739
0.034261	0.9149	0.9231	0.913
0.000356	0.4965	1.0	0.3826
0.003661	0.8085	0.9615	0.7739
0.000377	0.5035	1.0	0.3913
0.003920	0.8156	0.9615	0.7826
0.000394	0.5106	1.0	0.4
0.000399	0.5177	1.0	0.4087
0.004499	0.8227	0.9615	0.7913
0.000462	0.5248	1.0	0.4174
0.046269	0.922	0.9231	0.9217
0.000480	0.5319	1.0	0.4261
0.000493	0.539	1.0	0.4348
0.000494	0.5461	1.0	0.4435
0.000509	0.5532	1.0	0.4522
0.000510	0.5603	1.0	0.4609
0.000521	0.5674	1.0	0.4696
0.000522	0.5745	1.0	0.4783
0.005239	0.8298	0.9615	0.8
0.000539	0.5816	1.0	0.487
0.000542	0.5887	1.0	0.4957
0.000555	0.5957	1.0	0.5043
0.000560	0.6028	1.0	0.513
0.000573	0.6099	1.0	0.5217
0.000630	0.617	1.0	0.5304
0.006540	0.8369	0.9615	0.8087
0.006630	0.844	0.9615	0.8174
0.006687	0.8511	0.9615	0.8261
0.000670	0.6241	1.0	0.5391
0.006728	0.8582	0.9615	0.8348
0.067416	0.9291	0.9231	0.9304
0.068920	0.9362	0.9231	0.9391
0.007011	0.8652	0.9615	0.8435
0.071017	0.9433	0.9231	0.9478
0.723484	0.9716	0.9231	0.9826
0.007350	0.8723	0.9615	0.8522
0.074489	0.9504	0.9231	0.9565
0.000748	0.6312	1.0	0.5478
0.007906	0.8794	0.9615	0.8609
0.008098	0.8865	0.9615	0.8696
0.000819	0.6383	1.0	0.5565
0.866662	0.9787	0.9231	0.9913
0.087972	0.9574	0.9231	0.9652
0.000901	0.6454	1.0	0.5652
0.000915	0.6525	1.0	0.5739
0.000929	0.6596	1.0	0.5826
0.000931	0.6667	1.0	0.5913
0.000948	0.6738	1.0	0.6
0.000963	0.6809	1.0	0.6087
0.009824	0.8936	0.9615	0.8783
0.000988	0.6879	1.0	0.6174
0.991169	0.9716	0.8846	0.9913
0.000996	0.6809	0.9615	0.6174
0.999997	0.9787	0.8846	1.0
1.000000	0.9716	0.8462	1.0
1.000000	0.9645	0.8077	1.0
1.000000	0.9574	0.7692	1.0
