1.00000000e+00
1.01309700e-03
1.03554148e-02
1.04705128e-03
1.04906205e-02
1.06437341e-03
1.10439234e-03
1.11622410e-02
1.15521613e-03
1.19293039e-03
1.21662440e-03
1.27806328e-03
1.28616940e-03
1.31891225e-04
1.50040921e-03
1.50522660e-03
1.55699521e-01
1.65643205e-03
1.72867018e-04
1.76151134e-02
1.83316588e-04
1.87590354e-04
1.88147096e-04
1.90141588e-03
2.04659475e-04
2.05839533e-04
2.06949844e-04
2.09830047e-04
2.14532964e-04
2.15702472e-04
2.16432163e-04
2.16975153e-04
2.18449408e-04
2.19587528e-04
2.20869217e-04
2.22703442e-04
2.23367810e-04
2.24191404e-04
2.28343983e-04
2.36504668e-04
2.36857159e-04
2.46971846e-04
2.56115315e-03
2.57071399e-04
2.58002721e-04
2.65295792e-04
2.80410866e-04
2.81319692e-04
2.82225577e-04
2.84080743e-04
2.84331909e-04
2.86467606e-04
2.86747440e-04
2.96639604e-03
2.99453828e-03
3.00949614e-04
3.07371869e-04
3.09608848e-04
3.11781827e-04
3.13158700e-04
3.13475059e-04
3.13878572e-03
3.15872341e-04
3.27399146e-04
3.30044102e-04
3.33547359e-04
3.42586602e-04
3.42613757e-02
3.56030039e-04
3.66059621e-03
3.77013464e-04
3.92010016e-03
3.93738679e-04
3.99347482e-04
4.49859397e-03
4.62044321e-04
4.62688766e-02
4.80032904e-04
4.92558756e-04
4.93524014e-04
5.09245787e-04
5.09536185e-04
5.21151524e-04
5.21958806e-04
5.23923896e-03
5.38602064e-04
5.41730085e-04
5.55353414e-04
5.60333603e-04
5.72982244e-04
6.30109862e-04
6.54008891e-03
6.63034990e-03
6.68669399e-03
6.69632806e-04
6.72783144e-03
6.74155653e-02
6.89195096e-02
7.01079285e-03
7.10167512e-02
7.23483682e-01
7.35041779e-03
7.44885877e-02
7.47896382e-04
7.90649932e-03
8.09805375e-03
8.18920147e-04
8.66661727e-01
8.79715011e-02
9.01468622e-04
9.15306737e-04
9.28944035e-04
9.31287708e-04
9.48291970e-04
9.62963677e-04
9.82408877e-03
9.87989595e-04
9.91169095e-01
9.95757873e-04
9.99997377e-01
9.99999523e-01
9.99999642e-01
9.99999881e-01
