  9.99794185e-01   2.05839533e-04
   9.99051750e-01   9.48291970e-04
   9.93272245e-01   6.72783144e-03
   4.75953887e-10   1.00000000e+00
   9.99713480e-01   2.86467606e-04
   1.64463915e-14   1.00000000e+00
   9.99071002e-01   9.28944035e-04
   9.99490499e-01   5.09536185e-04
   9.96861219e-01   3.13878572e-03
   2.08126835e-06   9.99997973e-01
   2.78615153e-09   1.00000000e+00
   9.98721898e-01   1.27806328e-03
   7.49884628e-27   1.00000000e+00
   0.00000000e+00   1.00000000e+00
   8.62819870e-05   9.99913692e-01
   1.88118835e-13   1.00000000e+00
   1.40434835e-14   1.00000000e+00
   8.61535164e-22   1.00000000e+00
   9.99783576e-01   2.16432163e-04
   8.64915311e-01   1.35084704e-01
   2.81997927e-05   9.99971747e-01
   9.70606400e-30   1.00000000e+00
   6.52743415e-09   1.00000000e+00
   2.39739416e-06   9.99997616e-01
   9.99782979e-01   2.16975153e-04
   3.74285241e-06   9.99996305e-01
   9.99068797e-01   9.31287708e-04
   2.74261236e-08   1.00000000e+00
   8.43960605e-28   1.00000000e+00
   8.95213677e-12   1.00000000e+00
   9.99779165e-01   2.20869217e-04
   2.72799167e-03   9.97271955e-01
   7.97268918e-10   1.00000000e+00
   2.41191223e-09   1.00000000e+00
   9.82384861e-01   1.76151134e-02
   9.99790132e-01   2.09830047e-04
   2.56219240e-10   1.00000000e+00
   9.99816716e-01   1.83316588e-04
   9.99781549e-01   2.18449408e-04
   1.58430998e-06   9.99998450e-01
   9.99775827e-01   2.24191404e-04
   9.99777257e-01   2.22703442e-04
   3.36482003e-06   9.99996662e-01
   2.22061749e-14   1.00000000e+00
   9.99478042e-01   5.21958806e-04
   9.99684095e-01   3.15872341e-04
   9.99776661e-01   2.23367810e-04
   9.99643922e-01   3.56030039e-04
   1.97812617e-11   1.00000000e+00
   9.99181092e-01   8.18920147e-04
   9.99868035e-01   1.31891225e-04
   6.85000407e-12   1.00000000e+00
   1.31861499e-09   1.00000000e+00
   9.99600708e-01   3.99347482e-04
   1.86867164e-17   1.00000000e+00
   5.63425934e-13   1.00000000e+00
   9.93313253e-01   6.68669399e-03
   9.99827206e-01   1.72867018e-04
   1.16839738e-05   9.99988317e-01
   9.22823883e-13   1.00000000e+00
   9.28983212e-01   7.10167512e-02
   9.99715865e-01   2.84080743e-04
   9.99004304e-01   9.95757873e-04
   1.39871740e-12   1.00000000e+00
   9.92649615e-01   7.35041779e-03
   8.83089937e-03   9.91169095e-01
   9.97005522e-01   2.99453828e-03
   2.32424795e-20   1.00000000e+00
   9.92093503e-01   7.90649932e-03
   1.90445533e-14   1.00000000e+00
   3.62181395e-13   1.00000000e+00
   3.21145744e-05   9.99967933e-01
   9.22512011e-10   1.00000000e+00
   9.99478877e-01   5.21151524e-04
   1.15211007e-09   1.00000000e+00
   9.98783410e-01   1.21662440e-03
   4.63524996e-10   1.00000000e+00
   2.91061821e-18   1.00000000e+00
   3.87522930e-11   1.00000000e+00
   9.99690413e-01   3.09608848e-04
   5.91886295e-16   1.00000000e+00
   1.17693971e-16   1.00000000e+00
   6.20342222e-09   1.00000000e+00
   9.98499632e-01   1.50040921e-03
   1.33813620e-02   9.86618698e-01
   9.99753058e-01   2.46971846e-04
   9.99771655e-01   2.28343983e-04
   4.10934221e-12   1.00000000e+00
   1.21576037e-15   1.00000000e+00
   9.99718606e-01   2.81319692e-04
   1.46624643e-15   1.00000000e+00
   6.21224055e-04   9.99378800e-01
   9.99666452e-01   3.33547359e-04
   1.25516646e-15   1.00000000e+00
   9.99084711e-01   9.15306737e-04
   4.24104935e-19   1.00000000e+00
   9.99785483e-01   2.14532964e-04
   9.99439657e-01   5.60333603e-04
   1.84848381e-09   1.00000000e+00
   4.27919695e-16   1.00000000e+00
   1.50096589e-15   1.00000000e+00
   5.40644687e-05   9.99945879e-01
   9.99763548e-01   2.36504668e-04
   1.26629969e-08   1.00000000e+00
   5.15567642e-08   1.00000000e+00
   9.32584405e-01   6.74155653e-02
   9.98494744e-01   1.50522660e-03
   9.12028491e-01   8.79715011e-02
   9.31080520e-01   6.89195096e-02
   2.98057892e-03   9.97019351e-01
   9.98952866e-01   1.04705128e-03
   2.59106862e-04   9.99740899e-01
   1.87394926e-11   1.00000000e+00
   1.86724805e-08   1.00000000e+00
   9.98844743e-01   1.15521613e-03
   4.66424623e-08   1.00000000e+00
   1.26380779e-04   9.99873638e-01
   9.99719560e-01   2.80410866e-04
   3.40409345e-09   1.00000000e+00
   9.99519944e-01   4.80032904e-04
   2.69462970e-22   1.00000000e+00
   2.10653884e-27   1.00000000e+00
   1.00442534e-07   9.99999881e-01
   9.99507427e-01   4.92558756e-04
   5.34082657e-38   1.00000000e+00
   9.26751916e-17   1.00000000e+00
   9.99686599e-01   3.13475059e-04
   9.99780476e-01   2.19587528e-04
   2.12962696e-08   1.00000000e+00
   9.92989182e-01   7.01079285e-03
   1.24883349e-03   9.98751163e-01
   1.08608238e-01   8.91391754e-01
   9.99252021e-01   7.47896382e-04
   9.98986900e-01   1.01309700e-03
   3.04018802e-15   1.00000000e+00
   9.99734700e-01   2.65295792e-04
   9.99717772e-01   2.82225577e-04
   9.99490738e-01   5.09245787e-04
   9.99742925e-01   2.57071399e-04
   9.99458253e-01   5.41730085e-04
   9.99672651e-01   3.27399146e-04
   1.51564942e-15   1.00000000e+00
   9.93369579e-01   6.63034990e-03
   9.99657393e-01   3.42586602e-04
   2.52397522e-14   1.00000000e+00
   9.96079862e-01   3.92010016e-03
   7.42843811e-19   1.00000000e+00
   1.00941241e-16   1.00000000e+00
   7.93205914e-20   1.00000000e+00
   5.21669513e-13   1.00000000e+00
   9.99622941e-01   3.77013464e-04
   5.23159249e-09   1.00000000e+00
   9.98807073e-01   1.19293039e-03
   2.64870675e-15   1.00000000e+00
   8.44300449e-01   1.55699521e-01
   9.98895526e-01   1.10439234e-03
   9.99537945e-01   4.62044321e-04
   8.09703306e-06   9.99991894e-01
   3.03795988e-09   1.00000000e+00
   9.99606311e-01   3.93738679e-04
   5.15931351e-05   9.99948382e-01
   9.99461353e-01   5.38602064e-04
   3.80799471e-19   1.00000000e+00
   9.99699116e-01   3.00949614e-04
   9.91901934e-01   8.09805375e-03
   5.55196985e-31   1.00000000e+00
   4.06581542e-08   1.00000000e+00
   5.16389904e-04   9.99483585e-01
   4.04674592e-11   1.00000000e+00
   9.93459940e-01   6.54008891e-03
   9.88837719e-01   1.11622410e-02
   9.99686837e-01   3.13158700e-04
   1.19980102e-11   1.00000000e+00
   5.16885579e-36   1.00000000e+00
   9.89509344e-01   1.04906205e-02
   3.95420088e-08   1.00000000e+00
   9.53731120e-01   4.62688766e-02
   4.38078203e-13   1.00000000e+00
   5.16833794e-08   1.00000000e+00
   9.99506474e-01   4.93524014e-04
   9.99688268e-01   3.11781827e-04
   3.87947707e-17   1.00000000e+00
   0.00000000e+00   1.00000000e+00
   9.94760811e-01   5.23923896e-03
   9.99812424e-01   1.87590354e-04
   9.89644647e-01   1.03554148e-02
   2.28906652e-15   1.00000000e+00
   8.51142212e-11   1.00000000e+00
   8.54878224e-10   1.00000000e+00
   9.65738595e-01   3.42613757e-02
   9.98713851e-01   1.28616940e-03
   9.97033596e-01   2.96639604e-03
   9.99811828e-01   1.88147096e-04
   9.99763191e-01   2.36857159e-04
   2.72390776e-06   9.99997258e-01
   4.27502954e-07   9.99999523e-01
   2.94858901e-20   1.00000000e+00
   1.92636271e-08   1.00000000e+00
   9.99369919e-01   6.30109862e-04
   6.92066615e-17   1.00000000e+00
   1.22262236e-08   1.00000000e+00
   9.97438788e-01   2.56115315e-03
   9.99037027e-01   9.62963677e-04
   9.99793112e-01   2.06949844e-04
   2.82096891e-27   1.00000000e+00
   7.45580037e-05   9.99925494e-01
   1.13457757e-12   1.00000000e+00
   9.99784291e-01   2.15702472e-04
   9.99669909e-01   3.30044102e-04
   9.99427080e-01   5.72982244e-04
   9.99715626e-01   2.84331909e-04
   1.18134391e-04   9.99881864e-01
   9.28822619e-09   1.00000000e+00
   1.15877402e-21   1.00000000e+00
   9.99098539e-01   9.01468622e-04
   9.96114135e-01   3.88579001e-03
   0.00000000e+00   1.00000000e+00
   3.54343378e-12   1.00000000e+00
   9.95501459e-01   4.49859397e-03
   4.84782413e-06   9.99995112e-01
   5.09201605e-08   1.00000000e+00
   2.76516318e-01   7.23483682e-01
   3.63490329e-19   1.00000000e+00
   9.99692678e-01   3.07371869e-04
   2.56488620e-05   9.99974370e-01
   4.53404355e-04   9.99546587e-01
   9.99795377e-01   2.04659475e-04
   5.65516264e-26   1.00000000e+00
   9.96339440e-01   3.66059621e-03
   9.99713242e-01   2.86747440e-04
   4.59406968e-20   1.00000000e+00
   9.99444664e-01   5.55353414e-04
   3.56010020e-07   9.99999642e-01
   7.38140386e-07   9.99999285e-01
   1.25828514e-11   1.00000000e+00
   1.80916923e-17   1.00000000e+00
   9.99330401e-01   6.69632806e-04
   9.98098552e-01   1.90141588e-03
   2.27071828e-09   1.00000000e+00
   9.98343587e-01   1.65643205e-03
   9.99741971e-01   2.58002721e-04
   6.58186394e-10   1.00000000e+00
   1.67193974e-08   1.00000000e+00
   9.98935640e-01   1.06437341e-03
   1.26526097e-03   9.98734772e-01
   8.36480104e-12   1.00000000e+00
   9.25511420e-01   7.44885728e-02
   2.40167393e-03   9.97598350e-01
   9.28854206e-05   9.99907136e-01
   8.57608817e-10   1.00000000e+00
