1	0	0.000205839533
2	0	0.00094829197
3	0	0.00672783144
4	1	1.0
5	0	0.000286467606
6	1	1.0
7	0	0.000928944035
8	0	0.000509536185
9	0	0.00313878572
10	1	0.999997973
11	1	1.0
12	0	0.00127806328
13	1	1.0
14	1	1.0
15	1	0.999913692
16	1	1.0
17	1	1.0
18	1	1.0
19	0	0.000216432163
20	1	0.135084704
21	1	0.999971747
22	1	1.0
23	1	1.0
24	1	0.999997616
25	0	0.000216975153
26	1	0.999996305
27	0	0.000931287708
28	1	1.0
29	1	1.0
30	1	1.0
31	0	0.000220869217
32	1	0.997271955
33	1	1.0
34	1	1.0
35	0	0.0176151134
36	0	0.000209830047
37	1	1.0
38	0	0.000183316588
39	0	0.000218449408
40	1	0.99999845
41	0	0.000224191404
42	0	0.000222703442
43	1	0.999996662
44	1	1.0
45	0	0.000521958806
46	0	0.000315872341
47	0	0.00022336781
48	0	0.000356030039
49	1	1.0
50	0	0.000818920147
51	0	0.000131891225
52	1	1.0
53	1	1.0
54	0	0.000399347482
55	1	1.0
56	1	1.0
57	0	0.00668669399
58	0	0.000172867018
59	1	0.999988317
60	1	1.0
61	0	0.0710167512
62	0	0.000284080743
63	0	0.000995757873
64	1	1.0
65	0	0.00735041779
66	0	0.991169095
67	0	0.00299453828
68	1	1.0
69	0	0.00790649932
70	1	1.0
71	1	1.0
72	1	0.999967933
73	1	1.0
74	0	0.000521151524
75	1	1.0
76	0	0.0012166244
77	1	1.0
78	1	1.0
79	1	1.0
80	0	0.000309608848
81	1	1.0
82	1	1.0
83	1	1.0
84	0	0.00150040921
85	1	0.986618698
86	0	0.000246971846
87	0	0.000228343983
88	1	1.0
89	1	1.0
90	0	0.000281319692
91	1	1.0
92	1	0.9993788
93	0	0.000333547359
94	1	1.0
95	0	0.000915306737
96	1	1.0
97	0	0.000214532964
98	0	0.000560333603
99	1	1.0
100	1	1.0
101	1	1.0
102	1	0.999945879
103	0	0.000236504668
104	1	1.0
105	1	1.0
106	0	0.0674155653
107	0	0.0015052266
108	0	0.0879715011
109	0	0.0689195096
110	1	0.997019351
111	0	0.00104705128
112	1	0.999740899
113	1	1.0
114	1	1.0
115	0	0.00115521613
116	1	1.0
117	1	0.999873638
118	0	0.000280410866
119	1	1.0
120	0	0.000480032904
121	1	1.0
122	1	1.0
123	1	0.999999881
124	0	0.000492558756
125	1	1.0
126	1	1.0
127	0	0.000313475059
128	0	0.000219587528
129	1	1.0
130	0	0.00701079285
131	1	0.998751163
132	1	0.891391754
133	0	0.000747896382
134	0	0.001013097
135	1	1.0
136	0	0.000265295792
137	0	0.000282225577
138	0	0.000509245787
139	0	0.000257071399
140	0	0.000541730085
141	0	0.000327399146
142	1	1.0
143	0	0.0066303499
144	0	0.000342586602
145	1	1.0
146	0	0.00392010016
147	1	1.0
148	1	1.0
149	1	1.0
150	1	1.0
151	0	0.000377013464
152	1	1.0
153	0	0.00119293039
154	1	1.0
155	0	0.155699521
156	0	0.00110439234
157	0	0.000462044321
158	1	0.999991894
159	1	1.0
160	0	0.000393738679
161	1	0.999948382
162	0	0.000538602064
163	1	1.0
164	0	0.000300949614
165	0	0.00809805375
166	1	1.0
167	1	1.0
168	1	0.999483585
169	1	1.0
170	0	0.00654008891
171	0	0.011162241
172	0	0.0003131587
173	1	1.0
174	1	1.0
175	0	0.0104906205
176	1	1.0
177	0	0.0462688766
178	1	1.0
179	1	1.0
180	0	0.000493524014
181	0	0.000311781827
182	1	1.0
183	1	1.0
184	0	0.00523923896
185	0	0.000187590354
186	0	0.0103554148
187	1	1.0
188	1	1.0
189	1	1.0
190	0	0.0342613757
191	0	0.0012861694
192	0	0.00296639604
193	0	0.000188147096
194	0	0.000236857159
195	1	0.999997258
196	1	0.999999523
197	1	1.0
198	1	1.0
199	0	0.000630109862
200	1	1.0
201	1	1.0
202	0	0.00256115315
203	0	0.000962963677
204	0	0.000206949844
205	1	1.0
206	1	0.999925494
207	1	1.0
208	0	0.000215702472
209	0	0.000330044102
210	0	0.000572982244
211	0	0.000284331909
212	1	0.999881864
213	1	1.0
214	1	1.0
215	0	0.000901468622
216	1	0.00388579001
217	1	1.0
218	1	1.0
219	0	0.00449859397
220	1	0.999995112
221	1	1.0
222	0	0.723483682
223	1	1.0
224	0	0.000307371869
225	1	0.99997437
226	1	0.999546587
227	0	0.000204659475
228	1	1.0
229	0	0.00366059621
230	0	0.00028674744
231	1	1.0
232	0	0.000555353414
233	1	0.999999642
234	1	0.999999285
235	1	1.0
236	1	1.0
237	0	0.000669632806
238	0	0.00190141588
239	1	1.0
240	0	0.00165643205
241	0	0.000258002721
242	1	1.0
243	1	1.0
244	0	0.00106437341
245	1	0.998734772
246	1	1.0
247	0	0.0744885728
248	1	0.99759835
249	1	0.999907136
250	1	1.0
