1.000000	0.856	0.7333	1.0
0.001013	0.828	1.0	0.6261
0.010355	0.94	0.9926	0.8783
0.001047	0.832	1.0	0.6348
0.010491	0.944	0.9926	0.887
0.001064	0.836	1.0	0.6435
0.001104	0.84	1.0	0.6522
0.011162	0.948	0.9926	0.8957
0.001155	0.844	1.0	0.6609
0.001193	0.848	1.0	0.6696
0.001217	0.852	1.0	0.6783
0.001278	0.856	1.0	0.687
0.001286	0.86	1.0	0.6957
0.000132	0.54	1.0	0.0
0.135085	0.984	0.9926	0.9739
0.001500	0.864	1.0	0.7043
0.001505	0.868	1.0	0.713
0.155700	0.98	0.9852	0.9739
0.001656	0.872	1.0	0.7217
0.000173	0.544	1.0	0.0087
0.017615	0.952	0.9926	0.9043
0.000183	0.548	1.0	0.0174
0.000188	0.552	1.0	0.0261
0.000188	0.556	1.0	0.0348
0.001901	0.876	1.0	0.7304
0.000205	0.56	1.0	0.0435
0.000206	0.564	1.0	0.0522
0.000207	0.568	1.0	0.0609
0.000210	0.572	1.0	0.0696
0.000215	0.576	1.0	0.0783
0.000216	0.58	1.0	0.087
0.000216	0.584	1.0	0.0957
0.000217	0.588	1.0	0.1043
0.000218	0.592	1.0	0.113
0.000220	0.596	1.0	0.1217
0.000221	0.6	1.0	0.1304
0.000223	0.604	1.0	0.1391
0.000223	0.608	1.0	0.1478
0.000224	0.612	1.0	0.1565
0.000228	0.616	1.0	0.1652
0.000237	0.62	1.0	0.1739
0.000237	0.624	1.0	0.1826
0.000247	0.628	1.0	0.1913
0.002561	0.88	1.0	0.7391
0.000257	0.632	1.0	0.2
0.000258	0.636	1.0	0.2087
0.000265	0.64	1.0	0.2174
0.000280	0.644	1.0	0.2261
0.000281	0.648	1.0	0.2348
0.000282	0.652	1.0	0.2435
0.000284	0.656	1.0	0.2522
0.000284	0.66	1.0	0.2609
0.000286	0.664	1.0	0.2696
0.000287	0.668	1.0	0.2783
0.002966	0.884	1.0	0.7478
0.002995	0.888	1.0	0.7565
0.000301	0.672	1.0	0.287
0.000307	0.676	1.0	0.2957
0.000310	0.68	1.0	0.3043
0.000312	0.684	1.0	0.313
0.000313	0.688	1.0	0.3217
0.000313	0.692	1.0	0.3304
0.003139	0.892	1.0	0.7652
0.000316	0.696	1.0	0.3391
0.000327	0.7	1.0	0.3478
0.000330	0.704	1.0	0.3565
0.000334	0.708	1.0	0.3652
0.000343	0.712	1.0	0.3739
0.034261	0.956	0.9926	0.913
0.000356	0.716	1.0	0.3826
0.003661	0.896	1.0	0.7739
0.000377	0.72	1.0	0.3913
0.003886	0.9	1.0	0.7826
0.003920	0.896	0.9926	0.7826
0.000394	0.724	1.0	0.4
0.000399	0.728	1.0	0.4087
0.004499	0.9	0.9926	0.7913
0.000462	0.732	1.0	0.4174
0.046269	0.96	0.9926	0.9217
0.000480	0.736	1.0	0.4261
0.000493	0.74	1.0	0.4348
0.000494	0.744	1.0	0.4435
0.000509	0.748	1.0	0.4522
0.000510	0.752	1.0	0.4609
0.000521	0.756	1.0	0.4696
0.000522	0.76	1.0	0.4783
0.005239	0.904	0.9926	0.8
0.000539	0.764	1.0	0.487
0.000542	0.768	1.0	0.4957
0.000555	0.772	1.0	0.5043
0.000560	0.776	1.0	0.513
0.000573	0.78	1.0	0.5217
0.000630	0.784	1.0	0.5304
0.006540	0.908	0.9926	0.8087
0.006630	0.912	0.9926	0.8174
0.006687	0.916	0.9926	0.8261
0.000670	0.788	1.0	0.5391
0.006728	0.92	0.9926	0.8348
0.067416	0.964	0.9926	0.9304
0.068920	0.968	0.9926	0.9391
0.007011	0.924	0.9926	0.8435
0.071017	0.972	0.9926	0.9478
0.723484	0.984	0.9852	0.9826
0.007350	0.928	0.9926	0.8522
0.074489	0.976	0.9926	0.9565
0.000748	0.792	1.0	0.5478
0.007906	0.932	0.9926	0.8609
0.008098	0.936	0.9926	0.8696
0.000819	0.796	1.0	0.5565
0.087972	0.98	0.9926	0.9652
0.891392	0.988	0.9852	0.9913
0.000901	0.8	1.0	0.5652
0.000915	0.804	1.0	0.5739
0.000929	0.808	1.0	0.5826
0.000931	0.812	1.0	0.5913
0.000948	0.816	1.0	0.6
0.000963	0.82	1.0	0.6087
0.986619	0.984	0.9778	0.9913
0.991169	0.98	0.9704	0.9913
0.000996	0.824	1.0	0.6174
0.997019	0.984	0.9704	1.0
0.997272	0.98	0.963	1.0
0.997598	0.976	0.9556	1.0
0.998735	0.972	0.9481	1.0
0.998751	0.968	0.9407	1.0
0.999379	0.964	0.9333	1.0
0.999484	0.96	0.9259	1.0
0.999547	0.956	0.9185	1.0
0.999741	0.952	0.9111	1.0
0.999874	0.948	0.9037	1.0
0.999882	0.944	0.8963	1.0
0.999907	0.94	0.8889	1.0
0.999914	0.936	0.8815	1.0
0.999925	0.932	0.8741	1.0
0.999946	0.928	0.8667	1.0
0.999948	0.924	0.8593	1.0
0.999968	0.92	0.8519	1.0
0.999972	0.916	0.8444	1.0
0.999974	0.912	0.837	1.0
0.999988	0.908	0.8296	1.0
0.999992	0.904	0.8222	1.0
0.999995	0.9	0.8148	1.0
0.999996	0.896	0.8074	1.0
0.999997	0.892	0.8	1.0
0.999997	0.888	0.7926	1.0
0.999998	0.884	0.7852	1.0
0.999998	0.88	0.7778	1.0
0.999998	0.876	0.7704	1.0
0.999999	0.872	0.763	1.0
1.000000	0.868	0.7556	1.0
1.000000	0.864	0.7481	1.0
1.000000	0.86	0.7407	1.0
