1	0	0.000205839533
2	0	0.00094829197
3	0	0.00672783144
4	1	1.0
5	0	0.000286467606
6	1	1.0
7	0	0.000928944035
8	0	0.000509536185
9	0	0.00313878572
10	1	0.999997973
11	1	1.0
12	1	1.0
13	0	0.00127806328
14	1	1.0
15	1	1.0
16	1	0.999913692
17	1	1.0
18	1	1.0
19	1	1.0
20	0	0.000216432163
21	1	0.135084704
22	1	0.999971747
23	1	1.0
24	1	1.0
25	1	0.999997616
26	0	0.000216975153
27	1	0.999996305
28	0	0.000931287708
29	1	1.0
30	1	1.0
31	1	1.0
32	0	0.000220869217
33	1	0.997271955
34	1	1.0
35	1	1.0
36	0	0.0176151134
37	0	0.000209830047
38	1	1.0
39	0	0.000183316588
40	0	0.000218449408
41	1	0.99999845
42	1	1.0
43	0	0.000224191404
44	0	0.000222703442
45	1	0.999996662
46	1	1.0
47	0	0.000521958806
48	1	1.0
49	0	0.000315872341
50	0	0.00022336781
51	1	1.0
52	0	0.000356030039
53	1	1.0
54	0	0.000818920147
55	0	0.000131891225
56	1	0.999999881
57	1	1.0
58	1	1.0
59	0	0.000399347482
60	1	1.0
61	1	1.0
62	1	1.0
63	0	0.00668669399
64	0	0.000172867018
65	1	0.999988317
66	1	1.0
67	0	0.0710167512
68	0	0.000284080743
69	0	0.000995757873
70	1	1.0
71	0	0.00735041779
72	0	0.991169095
73	1	1.0
74	1	1.0
75	0	0.00299453828
76	1	1.0
77	1	1.0
78	1	1.0
79	1	0.999495864
80	0	0.00790649932
81	1	1.0
82	1	1.0
83	1	1.0
84	1	0.999967933
85	1	1.0
86	0	0.000521151524
87	1	1.0
88	1	0.999999642
89	1	1.0
90	0	0.0012166244
91	1	1.0
92	1	1.0
93	1	1.0
94	1	1.0
95	0	0.000309608848
96	1	1.0
97	1	1.0
98	1	1.0
99	1	1.0
100	0	0.00150040921
101	1	0.986618698
102	1	0.999985814
103	0	0.000246971846
104	0	0.000228343983
105	1	1.0
106	1	1.0
107	1	1.0
108	0	0.000281319692
109	1	1.0
110	1	0.9993788
111	0	0.000333547359
112	1	1.0
113	0	0.000915306737
114	1	1.0
115	1	1.0
116	0	0.000214532964
117	0	0.000560333603
118	1	1.0
119	1	1.0
120	1	1.0
121	1	0.999619842
122	1	0.999945879
123	1	0.999465883
124	0	0.000236504668
125	1	1.0
126	1	1.0
127	0	0.0674155653
128	0	0.0015052266
129	0	0.0879715011
130	0	0.0689195096
131	1	0.997019351
132	0	0.00104705128
133	1	0.99997437
134	1	1.0
135	1	1.0
136	1	0.999740899
137	1	1.0
138	1	1.0
139	1	1.0
140	0	0.00115521613
141	1	1.0
142	1	0.999873638
143	0	0.000280410866
144	1	1.0
145	0	0.000480032904
146	1	1.0
147	1	0.999999762
148	1	1.0
149	1	0.999999881
150	0	0.000492558756
151	1	1.0
152	1	0.999981761
153	1	0.00982408877
154	1	1.0
155	1	1.0
156	0	0.000313475059
157	0	0.000219587528
158	1	1.0
159	1	1.0
160	0	0.00701079285
161	1	0.998751163
162	1	0.891391754
163	0	0.000747896382
164	0	0.001013097
165	1	1.0
166	1	1.0
167	1	1.0
168	1	1.0
169	0	0.000265295792
170	0	0.000282225577
171	1	1.0
172	0	0.000509245787
173	0	0.000257071399
174	0	0.000541730085
175	0	0.000327399146
176	1	1.0
177	1	1.0
178	0	0.0066303499
179	0	0.000342586602
180	1	1.0
181	0	0.00392010016
182	1	1.0
183	1	1.0
184	1	1.0
185	1	1.0
186	1	1.0
187	1	0.995120108
188	1	1.0
189	0	0.000377013464
190	1	1.0
191	0	0.00119293039
192	1	1.0
193	1	0.993613303
194	1	1.0
195	0	0.155699521
196	1	0.999669313
197	0	0.00110439234
198	1	0.999999642
199	0	0.000462044321
200	1	0.999991894
201	1	1.0
202	1	1.0
203	1	0.000987989595
204	0	0.000393738679
205	1	0.999948382
206	0	0.000538602064
207	1	1.0
208	0	0.000300949614
209	0	0.00809805375
210	1	1.0
211	1	1.0
212	1	0.999483585
213	1	1.0
214	1	1.0
215	1	1.0
216	1	1.0
217	1	1.0
218	0	0.00654008891
219	0	0.011162241
220	0	0.0003131587
221	1	0.999999523
222	1	1.0
223	1	1.0
224	0	0.0104906205
225	1	1.0
226	1	1.0
227	0	0.0462688766
228	1	1.0
229	1	1.0
230	1	1.0
231	1	1.0
232	1	0.999965787
233	0	0.000493524014
234	0	0.000311781827
235	1	1.0
236	1	1.0
237	1	1.0
238	0	0.00523923896
239	1	0.0852252841
240	0	0.000187590354
241	0	0.0103554148
242	1	1.0
243	1	1.0
244	1	0.999892831
245	1	1.0
246	1	0.998491049
247	1	1.0
248	1	1.0
249	0	0.0342613757
250	1	0.999987006
251	0	0.0012861694
252	0	0.00296639604
253	0	0.000188147096
254	1	1.0
255	0	0.000236857159
256	1	0.999726832
257	1	0.999997258
258	1	1.0
259	1	0.999999523
260	1	1.0
261	1	1.0
262	1	1.0
263	1	1.0
264	0	0.000630109862
265	1	1.0
266	1	1.0
267	0	0.00256115315
268	1	0.999999881
269	0	0.000962963677
270	1	0.866661727
271	0	0.000206949844
272	1	1.0
273	1	0.999925494
274	1	1.0
275	0	0.000215702472
276	1	1.0
277	0	0.000330044102
278	1	1.0
279	0	0.000572982244
280	0	0.000284331909
281	1	0.999881864
282	1	1.0
283	1	1.0
284	1	1.0
285	0	0.000901468622
286	1	0.00388579001
287	1	1.0
288	1	1.0
289	1	1.0
290	1	1.0
291	0	0.00449859397
292	1	0.999995112
293	1	1.0
294	0	0.723483682
295	1	1.0
296	1	1.0
297	1	1.0
298	0	0.000307371869
299	1	0.99997437
300	1	0.999546587
301	0	0.000204659475
302	1	1.0
303	1	1.0
304	0	0.00366059621
305	0	0.00028674744
306	1	1.0
307	0	0.000555353414
308	1	0.999999642
309	1	0.999999285
310	1	1.0
311	1	1.0
312	1	1.0
313	0	0.000669632806
314	1	1.0
315	0	0.00190141588
316	1	1.0
317	1	1.0
318	0	0.00165643205
319	0	0.000258002721
320	1	1.0
321	1	1.0
322	1	1.0
323	0	0.00106437341
324	1	0.998734772
325	1	1.0
326	1	1.0
327	1	0.999997377
328	1	1.0
329	0	0.0744885728
330	1	0.99759835
331	1	0.999907136
332	1	1.0
