1	0	0.000205839533
2	0	0.00094829197
3	0	0.00672783144
4	0	0.000286467606
5	0	0.000928944035
6	0	0.000509536185
7	0	0.00313878572
8	1	1.0
9	0	0.00127806328
10	0	0.000216432163
11	0	0.000216975153
12	0	0.000931287708
13	0	0.000220869217
14	0	0.0176151134
15	0	0.000209830047
16	0	0.000183316588
17	0	0.000218449408
18	1	1.0
19	0	0.000224191404
20	0	0.000222703442
21	0	0.000521958806
22	1	1.0
23	0	0.000315872341
24	0	0.00022336781
25	1	1.0
26	0	0.000356030039
27	0	0.000818920147
28	0	0.000131891225
29	0	0.000399347482
30	0	0.00668669399
31	0	0.000172867018
32	0	0.0710167512
33	0	0.000284080743
34	0	0.000995757873
35	0	0.00735041779
36	0	0.991169095
37	0	0.00299453828
38	1	1.0
39	1	1.0
40	1	0.999495864
41	0	0.00790649932
42	1	1.0
43	0	0.000521151524
44	1	1.0
45	0	0.0012166244
46	0	0.000309608848
47	0	0.00150040921
48	1	0.999985814
49	0	0.000246971846
50	0	0.000228343983
51	0	0.000281319692
52	0	0.000333547359
53	0	0.000915306737
54	0	0.000214532964
55	0	0.000560333603
56	1	0.999619842
57	1	0.999465883
58	0	0.000236504668
59	0	0.0674155653
60	0	0.0015052266
61	0	0.0879715011
62	0	0.0689195096
63	0	0.00104705128
64	1	0.99997437
65	1	1.0
66	1	1.0
67	0	0.00115521613
68	0	0.000280410866
69	0	0.000480032904
70	1	0.999999762
71	0	0.000492558756
72	1	0.999981761
73	0	0.000313475059
74	0	0.000219587528
75	0	0.00701079285
76	0	0.000747896382
77	0	0.001013097
78	1	1.0
79	1	1.0
80	0	0.000265295792
81	0	0.000282225577
82	0	0.000509245787
83	0	0.000257071399
84	0	0.000541730085
85	0	0.000327399146
86	1	1.0
87	0	0.0066303499
88	0	0.000342586602
89	0	0.00392010016
90	1	1.0
91	1	1.0
92	1	0.995120108
93	0	0.000377013464
94	0	0.00119293039
95	1	0.993613303
96	1	1.0
97	0	0.155699521
98	1	0.999669313
99	0	0.00110439234
100	0	0.000462044321
101	1	1.0
102	0	0.000393738679
103	0	0.000538602064
104	0	0.000300949614
105	0	0.00809805375
106	1	1.0
107	1	1.0
108	0	0.00654008891
109	0	0.011162241
110	0	0.0003131587
111	0	0.0104906205
112	0	0.0462688766
113	1	1.0
114	1	1.0
115	1	0.999965787
116	0	0.000493524014
117	0	0.000311781827
118	0	0.00523923896
119	1	0.0852252841
120	0	0.000187590354
121	0	0.0103554148
122	1	1.0
123	1	0.999892831
124	1	0.998491049
125	0	0.0342613757
126	1	0.999987006
127	0	0.0012861694
128	0	0.00296639604
129	0	0.000188147096
130	1	1.0
131	0	0.000236857159
132	1	1.0
133	1	1.0
134	0	0.000630109862
135	0	0.00256115315
136	1	0.999999881
137	0	0.000962963677
138	0	0.000206949844
139	0	0.000215702472
140	1	1.0
141	0	0.000330044102
142	0	0.000572982244
143	0	0.000284331909
144	0	0.000901468622
145	1	1.0
146	1	1.0
147	0	0.00449859397
148	0	0.723483682
149	1	1.0
150	1	1.0
151	0	0.000307371869
152	0	0.000204659475
153	0	0.00366059621
154	0	0.00028674744
155	0	0.000555353414
156	1	1.0
157	0	0.000669632806
158	0	0.00190141588
159	0	0.00165643205
160	0	0.000258002721
161	0	0.00106437341
162	1	1.0
163	1	1.0
164	0	0.0744885728
