1	0	0.000205839533
2	0	0.00094829197
3	0	0.00672783144
4	0	0.000286467606
5	0	0.000928944035
6	0	0.000509536185
7	0	0.00313878572
8	0	0.00127806328
9	0	0.000216432163
10	0	0.000216975153
11	0	0.000931287708
12	0	0.000220869217
13	0	0.0176151134
14	0	0.000209830047
15	0	0.000183316588
16	0	0.000218449408
17	0	0.000224191404
18	0	0.000222703442
19	0	0.000521958806
20	0	0.000315872341
21	0	0.00022336781
22	0	0.000356030039
23	0	0.000818920147
24	0	0.000131891225
25	0	0.000399347482
26	0	0.00668669399
27	0	0.000172867018
28	0	0.0710167512
29	0	0.000284080743
30	0	0.000995757873
31	0	0.00735041779
32	0	0.991169095
33	0	0.00299453828
34	0	0.00790649932
35	0	0.000521151524
36	0	0.0012166244
37	1	1.0
38	0	0.000309608848
39	0	0.00150040921
40	0	0.000246971846
41	0	0.000228343983
42	0	0.000281319692
43	0	0.000333547359
44	0	0.000915306737
45	0	0.000214532964
46	0	0.000560333603
47	0	0.000236504668
48	0	0.0674155653
49	0	0.0015052266
50	0	0.0879715011
51	0	0.0689195096
52	0	0.00104705128
53	0	0.00115521613
54	0	0.000280410866
55	0	0.000480032904
56	0	0.000492558756
57	0	0.000313475059
58	0	0.000219587528
59	0	0.00701079285
60	0	0.000747896382
61	0	0.001013097
62	0	0.000265295792
63	0	0.000282225577
64	0	0.000509245787
65	0	0.000257071399
66	0	0.000541730085
67	0	0.000327399146
68	0	0.0066303499
69	0	0.000342586602
70	0	0.00392010016
71	0	0.000377013464
72	0	0.00119293039
73	0	0.155699521
74	0	0.00110439234
75	0	0.000462044321
76	0	0.000393738679
77	0	0.000538602064
78	0	0.000300949614
79	0	0.00809805375
80	0	0.00654008891
81	0	0.011162241
82	0	0.0003131587
83	0	0.0104906205
84	0	0.0462688766
85	0	0.000493524014
86	0	0.000311781827
87	0	0.00523923896
88	0	0.000187590354
89	0	0.0103554148
90	0	0.0342613757
91	0	0.0012861694
92	0	0.00296639604
93	0	0.000188147096
94	0	0.000236857159
95	0	0.000630109862
96	0	0.00256115315
97	0	0.000962963677
98	0	0.000206949844
99	0	0.000215702472
100	0	0.000330044102
101	0	0.000572982244
102	0	0.000284331909
103	0	0.000901468622
104	0	0.00449859397
105	0	0.723483682
106	0	0.000307371869
107	0	0.000204659475
108	0	0.00366059621
109	0	0.00028674744
110	0	0.000555353414
111	0	0.000669632806
112	0	0.00190141588
113	0	0.00165643205
114	0	0.000258002721
115	1	1.0
116	0	0.00106437341
117	0	0.0744885877
